%YAML:1.0
mean_shape: !!opencv-matrix
   rows: 68
   cols: 2
   dt: d
   data: [ 1.2568384408950806e-002, 2.1068726480007172e-001,
       1.7472924664616585e-002, 3.3942207694053650e-001,
       3.5780131816864014e-002, 4.6823880076408386e-001,
       6.5205916762351990e-002, 5.9493154287338257e-001,
       1.1554127931594849e-001, 7.1299523115158081e-001,
       1.9152058660984039e-001, 8.1677311658859253e-001,
       2.8435736894607544e-001, 9.0592366456985474e-001,
       3.9058935642242432e-001, 9.7839528322219849e-001,
       5.1499909162521362e-001, 9.9696928262710571e-001,
       6.3688462972640991e-001, 9.7468990087509155e-001,
       7.4214905500411987e-001, 8.9908403158187866e-001,
       8.3390611410140991e-001, 8.0676329135894775e-001,
       9.0807455778121948e-001, 6.9892412424087524e-001,
       9.5459336042404175e-001, 5.7698917388916016e-001,
       9.7621893882751465e-001, 4.4613084197044373e-001,
       9.8570388555526733e-001, 3.1525906920433044e-001,
       9.8515349626541138e-001, 1.8604174256324768e-001,
       1.0225929319858551e-001, 9.9317565560340881e-002,
       1.6448666155338287e-001, 4.9947474151849747e-002,
       2.4464169144630432e-001, 3.8279537111520767e-002,
       3.2715377211570740e-001, 5.1434084773063660e-002,
       4.0529775619506836e-001, 8.1739522516727448e-002,
       5.7405096292495728e-001, 7.5562365353107452e-002,
       6.5516293048858643e-001, 4.0366411209106445e-002,
       7.3649179935455322e-001, 2.5485826656222343e-002,
       8.1672132015228271e-001, 3.3398404717445374e-002,
       8.7961703538894653e-001, 7.4988931417465210e-002,
       4.9466183781623840e-001, 1.8229892849922180e-001,
       4.9673727154731750e-001, 2.6961404085159302e-001,
       4.9868977069854736e-001, 3.5726958513259888e-001,
       5.0064235925674438e-001, 4.4648393988609314e-001,
       4.0900799632072449e-001, 4.9833300709724426e-001,
       4.5441466569900513e-001, 5.1633316278457642e-001,
       5.0222319364547729e-001, 5.3295081853866577e-001,
       5.5106550455093384e-001, 5.1450330018997192e-001,
       5.9478837251663208e-001, 4.9590745568275452e-001,
       2.0168575644493103e-001, 1.9657801091670990e-001,
       2.4965152144432068e-001, 1.6319097578525543e-001,
       3.1323421001434326e-001, 1.6327454149723053e-001,
       3.6354193091392517e-001, 2.0339079201221466e-001,
       3.0939379334449768e-001, 2.2016566991806030e-001,
       2.4857163429260254e-001, 2.2049470245838165e-001,
       6.2814325094223022e-001, 1.9708159565925598e-001,
       6.7564254999160767e-001, 1.5460345149040222e-001,
       7.3818159103393555e-001, 1.5187664330005646e-001,
       7.8749668598175049e-001, 1.8301036953926086e-001,
       7.4570500850677490e-001, 2.0814555883407593e-001,
       6.8654125928878784e-001, 2.1096409857273102e-001,
       3.2189941406250000e-001, 6.6923141479492188e-001,
       3.8816457986831665e-001, 6.3647311925888062e-001,
       4.5594036579132080e-001, 6.2121814489364624e-001,
       5.0246185064315796e-001, 6.3246768712997437e-001,
       5.5483615398406982e-001, 6.1933350563049316e-001,
       6.2592077255249023e-001, 6.3255196809768677e-001,
       6.9271177053451538e-001, 6.5959906578063965e-001,
       6.3182199001312256e-001, 7.2776526212692261e-001,
       5.6397765874862671e-001, 7.5752848386764526e-001,
       5.0761044025421143e-001, 7.6418358087539673e-001,
       4.5611923933029175e-001, 7.6034402847290039e-001,
       3.8859727978706360e-001, 7.3386567831039429e-001,
       3.5058593750000000e-001, 6.7283958196640015e-001,
       4.5664331316947937e-001, 6.6683316230773926e-001,
       5.0394099950790405e-001, 6.7023545503616333e-001,
       5.5703020095825195e-001, 6.6403770446777344e-001,
       6.6372138261795044e-001, 6.6501390933990479e-001,
       5.5869203805923462e-001, 6.9163179397583008e-001,
       5.0475323200225830e-001, 6.9874036312103271e-001,
       4.5658478140830994e-001, 6.9435125589370728e-001 ]
